6,0,0,5,3,3,3 4,0,0,5,0,0,0 4,-1,1,0,0,0,0 0,0,1,0,0,2,0 0,0,1,0,0,2,0 0,0,1,0,0,2,0 0,0,1,0,0,2,0
5,0,0,0,0,0,0 5,0,2,3,3,3,0 0,0,2,0,0,0,0 0,0,6,0,0,0,0 0,0,2,0,0,0,4 0,0,0,0,-1,0,4 1,1,1,1,1,0,4
0,0,0,0,0,0,0 0,0,0,0,0,0,0 0,0,0,0,0,0,0 0,0,1,0,0,0,0 0,0,0,0,0,0,0 0,0,0,0,-1,0,0 0,0,0,0,0,0,0
1,0,0,0,0,0,0 0,0,0,0,0,0,0 0,-1,0,0,0,0,0 0,0,0,0,0,0,0 0,0,0,0,0,0,0 0,0,0,0,0,0,0 0,0,0,0,0,0,0
5
5
-1
-1
-1
-1
0,0,0,0,0,0,0 0,0,0,0,0,0,0 0,0,0,0,0,0,0 0,0,0,0,0,0,0 0,0,0,0,0,0,0 0,0,0,0,0,0,0 0,0,0,0,0,0,0 0,0,0,0,0,0,0 0,0,0,0,0,0,0 0,0,1,0,0,0,0 0,0,1,0,0,0,0 0,0,1,0,0,0,0 0,0,1,0,0,0,0 0,0,1,0,0,0,0 0,0,0,0,0,0,0 0,0,0,0,0,0,0 0,0,1,0,0,0,0 0,0,1,0,0,2,0 0,0,1,0,0,2,0 0,0,1,0,0,2,0 0,0,1,0,0,2,0 0,0,0,0,3,3,3 0,0,0,0,0,0,0 0,0,1,0,0,0,0 0,0,1,0,0,2,0 0,0,1,0,0,2,0 0,0,1,0,0,2,0 0,0,1,0,0,2,0 4,0,0,0,3,3,3 4,0,0,0,0,0,0 4,0,1,0,0,0,0 0,0,1,0,0,2,0 0,0,1,0,0,2,0 0,0,1,0,0,2,0 0,0,1,0,0,2,0
0,0,0,0,0,0,0 0,0,0,0,0,0,0 0,0,0,0,0,0,0 0,0,0,0,0,0,0 0,0,0,0,0,0,0 0,0,0,0,0,0,0 0,0,0,0,0,0,0 0,0,0,0,0,0,0 0,0,0,0,0,0,0 0,0,0,0,0,0,0 0,0,0,0,0,0,0 0,0,0,0,0,0,0 0,0,0,0,0,0,0 1,1,1,1,1,0,0 0,0,0,0,0,0,0 0,0,2,0,0,0,0 0,0,2,0,0,0,0 0,0,2,0,0,0,0 0,0,2,0,0,0,0 0,0,0,0,0,0,0 1,1,1,1,1,0,0 0,0,0,0,0,0,0 0,0,2,3,3,3,0 0,0,2,0,0,0,0 0,0,2,0,0,0,0 0,0,2,0,0,0,0 0,0,0,0,0,0,0 1,1,1,1,1,0,0 0,0,0,0,0,0,0 0,0,2,3,3,3,0 0,0,2,0,0,0,0 0,0,2,0,0,0,0 0,0,2,0,0,0,4 0,0,0,0,0,0,4 1,1,1,1,1,0,4
4,0,0,5,3,3,3 4,0,0,5,0,0,0 4,0,1,0,0,0,0 0,0,1,0,0,2,0 0,0,1,0,0,2,0 0,0,1,0,0,2,0 0,0,1,0,0,2,0
5,0,0,0,0,0,0 5,0,2,3,3,3,0 0,0,2,0,0,0,0 0,0,2,0,0,0,0 0,0,2,0,0,0,4 0,0,0,0,0,0,4 1,1,1,1,1,0,4
true
false
false
true
54322
53332